
55785328
73222313
58319100
53127865
73550375
60151564
62107823
58462999
37089910
57541580
129571
1185781
128451
124569
123505
761972
111600
109880
109004
105193
103107
1334230
99559
93417
85616
84435
725421
78344
77172
66789
66084
699037
63125
62774
60186
59881
680695
57426
56398
52255
47562
45312
654836
34204
33063
32339
621026
30983
28060
26205
609159
18830
549086
985078
2254
1361
734241
658371
546250
614137
196267
461872
345626
153136
85676
316174
476514
534456
527944
513312
507370
496827
482992
471557
686402
445523
505355
408464
392916
346530
346498
984115
334217
330898
310459
975996
299473
724080
284019
380988
271986
271335
270660
269814
255287
250265
249553
243901
243737
230837
896916
230075
3851109
222500
221461
214429
208222
984156
303113
195767
192086
189815
180076
178302
371905
173440
171659
169219
520634
167015
166538
165345
161001
803096
153941
153236
151090
226113
142569
139519
137056
135750
800838
123475
543823
63957
135656
158606
138885
213710
31917
192304
122499
24192
80452
34710
80340
59023
90223
80828
18545
79317
76490
77779
39112
404750
196227
39174
323512
83186
61906
127844
61549
81940
162546
69385
46878
145484
118323
123881
29995
161585
43805
297039
490709
203969
324655
218172
19044
61061
289459
261312
625727
333635
135775
858184
121447
33519
187731
219001
45830
129811
365466
433943
201146
172809
64928
137501
155459
175997
286963
245988
30682
514743
56505
91994
256332
36429
30384
189740
66576
36592
74180
30109
141708
113692
83790
6557
62922
153818
79855
42847
190097
135148
316463
28442
147472
30511
237136
107548
225226
24264
63071
98197
297219
55042
