Sample	aligned_reads	ambig_reads	discarded_reads	meth_chg	meth_chh	meth_cpg	no_alignments	percent_aligned	percent_chg_meth	percent_chh_meth	percent_cpg_meth	strand_ctob	strand_ctot	strand_ob	strand_ot	total_c	total_reads	unmeth_chg	unmeth_chh	unmeth_cpg
zr3644_10_R1_val_1_val_1_val_1	31715015.0	6444136.0	4420.0	953501.0	4021291.0	15858264.0	13743561.0	61.10473572170949	0.5	0.5	11.0	7887972.0	7894629.0	7960444.0	7967550.0	1120505063.0	51902712.0	195809902.0	775895327.0	127966778.0
zr3644_11_R1_val_1_val_1_val_1	34270614.0	6959904.0	4580.0	1026274.0	4320799.0	16575220.0	14832830.0	61.12837570813645	0.5	0.5	10.7	8574939.0	8577936.0	8559411.0	8553748.0	1206892002.0	56063348.0	210169564.0	836920141.0	137880004.0
zr3644_12_R1_val_1_val_1_val_1	28948214.0	5563963.0	3041.0	808424.0	3407582.0	12554888.0	12337394.0	61.78970987802642	0.5	0.5	9.9	7252472.0	7277285.0	7203573.0	7211843.0	1014644269.0	46849571.0	171147785.0	712694214.0	114031376.0
zr3644_13_R1_val_1_val_1_val_1	32764601.0	6385203.0	4241.0	993596.0	4173551.0	15711645.0	14153632.0	61.468084346382476	0.5	0.5	10.7	8194850.0	8184122.0	8193960.0	8187428.0	1160796741.0	53303436.0	200977866.0	807570078.0	131370005.0
zr3644_14_R1_val_1_val_1_val_1	22515262.0	4360919.0	2364.0	705306.0	2907256.0	12139072.0	9464680.0	61.955774795759524	0.5	0.5	12.1	5650126.0	5650276.0	5607261.0	5605235.0	793161390.0	36340861.0	137509658.0	551387230.0	88512868.0
zr3644_15_R1_val_1_val_1_val_1	36054469.0	7005597.0	4286.0	1105933.0	4644531.0	18451109.0	15375411.0	61.69962298759023	0.5	0.5	11.4	9007257.0	9001460.0	9022234.0	9019232.0	1273183529.0	58435477.0	220305751.0	885273023.0	143403182.0
zr3644_16_R1_val_1_val_1_val_1	31285722.0	6539579.0	3703.0	925777.0	3855517.0	15057029.0	12561301.0	62.09135118895297	0.5	0.5	10.8	7833818.0	7825361.0	7815069.0	7807771.0	1092880939.0	50386602.0	190492163.0	757781228.0	124769225.0
zr3644_17_R1_val_1_val_1_val_1	35424111.0	7578364.0	4604.0	1093647.0	4560361.0	17184173.0	14427268.0	61.682517019099315	0.5	0.5	10.6	8878358.0	8873766.0	8836986.0	8830397.0	1254819599.0	57429743.0	219807459.0	867822078.0	144351881.0
zr3644_18_R1_val_1_val_1_val_1	31728340.0	6340329.0	4296.0	969958.0	4028886.0	15532499.0	12874754.0	62.28152356389558	0.5	0.5	10.8	7921957.0	7908280.0	7952794.0	7941013.0	1120635638.0	50943423.0	196373738.0	775969708.0	127760849.0
zr3644_19_R1_val_1_val_1_val_1	30051443.0	5952873.0	3637.0	903036.0	3797661.0	14132667.0	12637251.0	61.781403958470335	0.5	0.5	10.5	7516518.0	7514424.0	7506196.0	7510668.0	1058145249.0	48641567.0	184031862.0	734763585.0	120516438.0
zr3644_1_R1_val_1_val_1_val_1	31687838.0	6532234.0	3518.0	914564.0	3838735.0	13928703.0	12773379.0	62.140995321144274	0.5	0.5	9.8	7871018.0	7870081.0	7973839.0	7969382.0	1115774564.0	50993451.0	194760133.0	774357365.0	127975064.0
zr3644_20_R1_val_1_val_1_val_1	32489129.0	6301606.0	3848.0	997641.0	4136554.0	15446101.0	14599336.0	60.852380211294346	0.5	0.5	10.6	8422205.0	8415796.0	7829400.0	7817880.0	1148855238.0	53390071.0	199305094.0	798205532.0	130764316.0
zr3644_21_R1_val_1_val_1_val_1	30932612.0	6045064.0	3820.0	933395.0	3877033.0	14831994.0	13479625.0	61.304531528549255	0.5	0.5	10.7	7725591.0	7729999.0	7735399.0	7737803.0	1092232309.0	50457301.0	189579802.0	758661746.0	124348339.0
zr3644_22_R1_val_1_val_1_val_1	29164293.0	5799813.0	3674.0	898075.0	3733158.0	14078388.0	12055540.0	62.02576046616769	0.5	0.5	10.6	7317228.0	7309226.0	7272661.0	7261504.0	1035254685.0	47019646.0	181180018.0	716902015.0	118463031.0
zr3644_23_R1_val_1_val_1_val_1	24721544.0	5019158.0	2976.0	750578.0	3129842.0	11700596.0	10161807.0	61.95486103392647	0.5	0.5	10.5	6155092.0	6151521.0	6203501.0	6208454.0	871034956.0	39902509.0	151894105.0	603824268.0	99735567.0
zr3644_24_R1_val_1_val_1_val_1	32479152.0	6461643.0	4026.0	990475.0	4125982.0	15525678.0	13303250.0	62.168141842768875	0.5	0.5	10.6	8121612.0	8116900.0	8121787.0	8114827.0	1152358324.0	52244045.0	201060109.0	799166554.0	131489526.0
zr3644_2_R1_val_1_val_1_val_1	33615008.0	6604668.0	4620.0	1001189.0	4199273.0	15775590.0	14806238.0	61.0894132535445	0.5	0.5	10.4	8393898.0	8397912.0	8402670.0	8415908.0	1197280356.0	55025914.0	206239669.0	834496596.0	135568039.0
zr3644_3_R1_val_1_val_1_val_1	23805179.0	4765393.0	3159.0	700201.0	2945412.0	11246015.0	10343037.0	61.17443128957789	0.5	0.5	10.5	5970104.0	5956670.0	5942855.0	5932391.0	841165030.0	38913609.0	145538838.0	585123829.0	95610735.0
zr3644_4_R1_val_1_val_1_val_1	30294123.0	5980304.0	3392.0	863058.0	3571494.0	13911788.0	13031821.0	61.440738707191834	0.5	0.5	10.3	7564330.0	7560867.0	7582759.0	7582775.0	1072084783.0	49306248.0	184074892.0	748142488.0	121521063.0
zr3644_5_R1_val_1_val_1_val_1	27062582.0	5246965.0	3097.0	809839.0	3383314.0	12849444.0	11774109.0	61.38915066391045	0.5	0.5	10.6	6813222.0	6808129.0	6722326.0	6715808.0	958806516.0	44083656.0	165705948.0	667945580.0	108112391.0
zr3644_6_R1_val_1_val_1_val_1	32883973.0	6419936.0	3856.0	987998.0	4159215.0	15519079.0	13870904.0	61.84125743893072	0.5	0.5	10.6	8209212.0	8215780.0	8223033.0	8232092.0	1163306727.0	53174813.0	201241492.0	809825811.0	131573132.0
zr3644_7_R1_val_1_val_1_val_1	49808265.0	9714845.0	6088.0	1490398.0	6273620.0	23877029.0	22049639.0	61.059931914272006	0.5	0.5	10.7	12454757.0	12446983.0	12455414.0	12445023.0	1760829695.0	81572749.0	303395937.0	1227138022.0	198654689.0
zr3644_8_R1_val_1_val_1_val_1	26007499.0	5280103.0	3208.0	798448.0	3381738.0	12681846.0	11049243.0	61.42994122495429	0.5	0.5	10.8	6502055.0	6499419.0	6507164.0	6495653.0	917080681.0	42336845.0	159572763.0	636246906.0	104398980.0
zr3644_9_R1_val_1_val_1_val_1	29242056.0	6363218.0	3271.0	853231.0	3562620.0	14622783.0	11968391.0	61.46689770485415	0.5	0.5	11.1	7277422.0	7275172.0	7345327.0	7340864.0	1019347442.0	47573665.0	178719809.0	704737432.0	116851567.0
